Test Accuracy:  0.701
Precision: {0: 0.75, 1: 0.0, 2: 0.5}
Recall: {0: 0.9026548672566371, 1: 0.0, 2: 0.15384615384615385}
TP: {0: 102, 1: 0, 2: 6}
FP: {0: 34, 1: 6, 2: 6}
FN: {0: 11, 1: 2, 2: 33}
