Test Accuracy:  0.805
Precision: {0: 0.8555555555555555, 1: 0.23529411764705882, 2: 0.8461538461538461}
Recall: {0: 0.927710843373494, 1: 0.26666666666666666, 2: 0.3793103448275862}
TP: {0: 154, 1: 4, 2: 11}
FP: {0: 26, 1: 13, 2: 2}
FN: {0: 12, 1: 11, 2: 18}
