Test Accuracy:  0.787
Precision: {0: 0.7950819672131147, 1: 0.3333333333333333, 2: 1.0}
Recall: {0: 0.9797979797979798, 1: 0.125, 2: 0.1}
TP: {0: 97, 1: 1, 2: 2}
FP: {0: 25, 1: 2, 2: 0}
FN: {0: 2, 1: 7, 2: 18}
