Test Accuracy:  0.561
Precision: {0: 0.64, 1: 0.8333333333333334, 2: 0.43103448275862066}
Recall: {0: 0.7058823529411765, 1: 0.16666666666666666, 2: 0.6097560975609756}
TP: {0: 48, 1: 5, 2: 25}
FP: {0: 27, 1: 1, 2: 33}
FN: {0: 20, 1: 25, 2: 16}
