Test Accuracy:  0.563
Precision: {0: 0.5833333333333334, 1: 0.625, 2: 0.4666666666666667}
Recall: {0: 0.8235294117647058, 1: 0.19230769230769232, 2: 0.6363636363636364}
TP: {0: 84, 1: 15, 2: 21}
FP: {0: 60, 1: 9, 2: 24}
FN: {0: 18, 1: 63, 2: 12}
