Test Accuracy:  0.700
Precision: {0: 0.7368421052631579, 1: 0.2857142857142857, 2: 0.8333333333333334}
Recall: {0: 0.9333333333333333, 1: 0.2857142857142857, 2: 0.2777777777777778}
TP: {0: 42, 1: 2, 2: 5}
FP: {0: 15, 1: 5, 2: 1}
FN: {0: 3, 1: 5, 2: 13}
