Test Accuracy:  0.685
Precision: {0: 0.9078947368421053, 1: 0.25, 2: 0.41935483870967744}
Recall: {0: 0.696969696969697, 1: 0.625, 2: 0.65}
TP: {0: 69, 1: 5, 2: 13}
FP: {0: 7, 1: 15, 2: 18}
FN: {0: 30, 1: 3, 2: 7}
