Test Accuracy:  0.662
Precision: {0: 0.7352941176470589, 1: 0.6081081081081081, 2: 0.5675675675675675}
Recall: {0: 0.7352941176470589, 1: 0.5769230769230769, 2: 0.6363636363636364}
TP: {0: 75, 1: 45, 2: 21}
FP: {0: 27, 1: 29, 2: 16}
FN: {0: 27, 1: 33, 2: 12}
