Test Accuracy:  0.529
Precision: {0: 0.8518518518518519, 1: 0.21739130434782608, 2: 0.45}
Recall: {0: 0.5111111111111111, 1: 0.7142857142857143, 2: 0.5}
TP: {0: 23, 1: 5, 2: 9}
FP: {0: 4, 1: 18, 2: 11}
FN: {0: 22, 1: 2, 2: 9}
