Test Accuracy:  0.654
Precision: {0: 0.847457627118644, 1: 0.4166666666666667, 2: 0.4166666666666667}
Recall: {0: 0.7142857142857143, 1: 0.7142857142857143, 2: 0.3125}
TP: {0: 50, 1: 15, 2: 5}
FP: {0: 9, 1: 21, 2: 7}
FN: {0: 20, 1: 6, 2: 11}
