Test Accuracy:  0.824
Precision: {0: 0.9473684210526315, 1: 0.36363636363636365, 2: 0.5833333333333334}
Recall: {0: 0.8674698795180723, 1: 0.5333333333333333, 2: 0.7241379310344828}
TP: {0: 144, 1: 8, 2: 21}
FP: {0: 8, 1: 14, 2: 15}
FN: {0: 22, 1: 7, 2: 8}
