Test Accuracy:  0.612
Precision: {0: 0.78, 1: 0.4358974358974359, 2: 0.58}
Recall: {0: 0.5735294117647058, 1: 0.5666666666666667, 2: 0.7073170731707317}
TP: {0: 39, 1: 17, 2: 29}
FP: {0: 11, 1: 22, 2: 21}
FN: {0: 29, 1: 13, 2: 12}
