Test Accuracy:  0.688
Precision: {0: 0.8586956521739131, 1: 0.0, 2: 0.4909090909090909}
Recall: {0: 0.6991150442477876, 1: 0.0, 2: 0.6923076923076923}
TP: {0: 79, 1: 0, 2: 27}
FP: {0: 13, 1: 7, 2: 28}
FN: {0: 34, 1: 2, 2: 12}
