Test Accuracy:  0.852
Precision: {0: 0.9699248120300752, 1: 0.42857142857142855}
Recall: {0: 0.8594791035735918, 1: 0.7981651376146789}
TP: {0: 1419, 1: 174}
FP: {0: 44, 1: 232}
FN: {0: 232, 1: 44}
