Test Accuracy:  0.686
Precision: {0: 0.5142857142857142, 1: 0.8389830508474576}
Recall: {0: 0.7397260273972602, 1: 0.66}
TP: {0: 54, 1: 99}
FP: {0: 51, 1: 19}
FN: {0: 19, 1: 51}
