Test Accuracy:  0.784
Precision: {0: 0.9434210526315789, 1: 0.4582210242587601}
Recall: {0: 0.7810457516339869, 1: 0.7981220657276995}
TP: {0: 717, 1: 170}
FP: {0: 43, 1: 201}
FN: {0: 201, 1: 43}
