Test Accuracy:  0.763
Precision: {0: 0.9405940594059405, 1: 0.5138888888888888}
Recall: {0: 0.7307692307692307, 1: 0.8604651162790697}
TP: {0: 285, 1: 111}
FP: {0: 18, 1: 105}
FN: {0: 105, 1: 18}
