Test Accuracy:  0.840
Precision: {0: 0.9551630434782609, 1: 0.5171102661596958}
Recall: {0: 0.846987951807229, 1: 0.8047337278106509}
TP: {0: 703, 1: 136}
FP: {0: 33, 1: 127}
FN: {0: 127, 1: 33}
