Test Accuracy:  0.787
Precision: {0: 0.9292929292929293, 1: 0.4689265536723164}
Recall: {0: 0.7965367965367965, 1: 0.7477477477477478}
TP: {0: 368, 1: 83}
FP: {0: 28, 1: 94}
FN: {0: 94, 1: 28}
