Test Accuracy:  0.557
Precision: {0: 0.8571428571428571, 1: 0.25, 2: 0.4}
Recall: {0: 0.5333333333333333, 1: 0.42857142857142855, 2: 0.6666666666666666}
TP: {0: 24, 1: 3, 2: 12}
FP: {0: 4, 1: 9, 2: 18}
FN: {0: 21, 1: 4, 2: 6}
