Test Accuracy:  0.693
Precision: {0: 0.8155339805825242, 1: 0.14285714285714285, 2: 0.3333333333333333}
Recall: {0: 0.8484848484848485, 1: 0.375, 2: 0.05}
TP: {0: 84, 1: 3, 2: 1}
FP: {0: 19, 1: 18, 2: 2}
FN: {0: 15, 1: 5, 2: 19}
