Test Accuracy:  0.405
Precision: {0: 0.9344262295081968, 1: 0.14814814814814814, 2: 0.21052631578947367}
Recall: {0: 0.3433734939759036, 1: 0.5333333333333333, 2: 0.6896551724137931}
TP: {0: 57, 1: 8, 2: 20}
FP: {0: 4, 1: 46, 2: 75}
FN: {0: 109, 1: 7, 2: 9}
