Test Accuracy:  0.587
Precision: {0: 0.7127659574468085, 1: 0.5689655172413793, 2: 0.4098360655737705}
Recall: {0: 0.6568627450980392, 1: 0.4230769230769231, 2: 0.7575757575757576}
TP: {0: 67, 1: 33, 2: 25}
FP: {0: 27, 1: 25, 2: 36}
FN: {0: 35, 1: 45, 2: 8}
