Test Accuracy:  0.662
Precision: {0: 0.7266187050359713, 1: 0.0, 2: 0.2}
Recall: {0: 0.8938053097345132, 1: 0.0, 2: 0.02564102564102564}
TP: {0: 101, 1: 0, 2: 1}
FP: {0: 38, 1: 10, 2: 4}
FN: {0: 12, 1: 2, 2: 38}
