Test Accuracy:  0.468
Precision: {0: 0.5797101449275363, 1: 0.4583333333333333, 2: 0.30434782608695654}
Recall: {0: 0.5882352941176471, 1: 0.36666666666666664, 2: 0.34146341463414637}
TP: {0: 40, 1: 11, 2: 14}
FP: {0: 29, 1: 13, 2: 32}
FN: {0: 28, 1: 19, 2: 27}
