Test Accuracy:  0.551
Precision: {0: 0.7708333333333334, 1: 0.4166666666666667, 2: 0.30434782608695654}
Recall: {0: 0.5285714285714286, 1: 0.7142857142857143, 2: 0.4375}
TP: {0: 37, 1: 15, 2: 7}
FP: {0: 11, 1: 21, 2: 16}
FN: {0: 33, 1: 6, 2: 9}
