Test Accuracy:  0.827
Precision: {0: 0.8537735849056604, 1: 0.7052631578947368}
Recall: {0: 0.9282051282051282, 1: 0.5193798449612403}
TP: {0: 362, 1: 67}
FP: {0: 62, 1: 28}
FN: {0: 28, 1: 62}
