Test Accuracy:  0.839
Precision: {0: 0.8531669865642995, 1: 0.6741573033707865}
Recall: {0: 0.9684095860566448, 1: 0.28169014084507044}
TP: {0: 889, 1: 60}
FP: {0: 153, 1: 29}
FN: {0: 29, 1: 153}
