Test Accuracy:  0.918
Precision: {0: 0.9480712166172107, 1: 0.6060606060606061}
Recall: {0: 0.9609022556390977, 1: 0.5333333333333333}
TP: {0: 639, 1: 40}
FP: {0: 35, 1: 26}
FN: {0: 26, 1: 35}
