Test Accuracy:  0.877
Precision: {0: 0.9446540880503145, 1: 0.6127450980392157}
Recall: {0: 0.9048192771084337, 1: 0.7396449704142012}
TP: {0: 751, 1: 125}
FP: {0: 44, 1: 79}
FN: {0: 79, 1: 44}
