Test Accuracy:  0.910
Precision: {0: 0.9453125, 1: 0.6195121951219512}
Recall: {0: 0.952755905511811, 1: 0.5825688073394495}
TP: {0: 1573, 1: 127}
FP: {0: 91, 1: 78}
FN: {0: 78, 1: 91}
