Test Accuracy:  0.869
Precision: {0: 0.8973305954825462, 1: 0.7093023255813954}
Recall: {0: 0.9458874458874459, 1: 0.5495495495495496}
TP: {0: 437, 1: 61}
FP: {0: 50, 1: 25}
FN: {0: 25, 1: 50}
