Test Accuracy:  0.574
Precision: {0: 0.42948717948717946, 1: 0.9104477611940298}
Recall: {0: 0.9178082191780822, 1: 0.4066666666666667}
TP: {0: 67, 1: 61}
FP: {0: 89, 1: 6}
FN: {0: 6, 1: 89}
