Test Accuracy:  0.862
Precision: {0: 0.8846153846153846, 1: 0.5384615384615384, 2: 0.8666666666666667}
Recall: {0: 0.9698795180722891, 1: 0.4666666666666667, 2: 0.4482758620689655}
TP: {0: 161, 1: 7, 2: 13}
FP: {0: 21, 1: 6, 2: 2}
FN: {0: 5, 1: 8, 2: 16}
