Test Accuracy:  0.686
Precision: {0: 0.8, 1: 0.3333333333333333, 2: 0.6153846153846154}
Recall: {0: 0.8, 1: 0.5714285714285714, 2: 0.4444444444444444}
TP: {0: 36, 1: 4, 2: 8}
FP: {0: 9, 1: 8, 2: 5}
FN: {0: 9, 1: 3, 2: 10}
