Test Accuracy:  0.773
Precision: {0: 0.782608695652174, 1: 0.0, 2: 0.7333333333333333}
Recall: {0: 0.9557522123893806, 1: 0.0, 2: 0.28205128205128205}
TP: {0: 108, 1: 0, 2: 11}
FP: {0: 30, 1: 1, 2: 4}
FN: {0: 5, 1: 2, 2: 28}
