Test Accuracy:  0.748
Precision: {0: 0.8556701030927835, 1: 0.3333333333333333, 2: 0.4074074074074074}
Recall: {0: 0.8383838383838383, 1: 0.125, 2: 0.55}
TP: {0: 83, 1: 1, 2: 11}
FP: {0: 14, 1: 2, 2: 16}
FN: {0: 16, 1: 7, 2: 9}
