Test Accuracy:  0.692
Precision: {0: 0.8, 1: 0.4666666666666667, 2: 0.5714285714285714}
Recall: {0: 0.8, 1: 0.6666666666666666, 2: 0.25}
TP: {0: 56, 1: 14, 2: 4}
FP: {0: 14, 1: 16, 2: 3}
FN: {0: 14, 1: 7, 2: 12}
