Test Accuracy:  0.626
Precision: {0: 0.6463414634146342, 1: 0.5333333333333333, 2: 0.6666666666666666}
Recall: {0: 0.7794117647058824, 1: 0.5333333333333333, 2: 0.43902439024390244}
TP: {0: 53, 1: 16, 2: 18}
FP: {0: 29, 1: 14, 2: 9}
FN: {0: 15, 1: 14, 2: 23}
