Test Accuracy:  0.685
Precision: {0: 0.6544117647058824, 1: 0.7358490566037735, 2: 0.75}
Recall: {0: 0.8725490196078431, 1: 0.5, 2: 0.5454545454545454}
TP: {0: 89, 1: 39, 2: 18}
FP: {0: 47, 1: 14, 2: 6}
FN: {0: 13, 1: 39, 2: 15}
