Test Accuracy:  0.905
Precision: {0: 0.9207920792079208, 1: 0.5757575757575758}
Recall: {0: 0.9789473684210527, 1: 0.25333333333333335}
TP: {0: 651, 1: 19}
FP: {0: 56, 1: 14}
FN: {0: 14, 1: 56}
