Test Accuracy:  0.570
Precision: {0: 0.4303030303030303, 1: 0.9655172413793104}
Recall: {0: 0.9726027397260274, 1: 0.37333333333333335}
TP: {0: 71, 1: 56}
FP: {0: 94, 1: 2}
FN: {0: 2, 1: 94}
