Test Accuracy:  0.890
Precision: {0: 0.9100227790432802, 1: 0.743801652892562}
Recall: {0: 0.9626506024096385, 1: 0.5325443786982249}
TP: {0: 799, 1: 90}
FP: {0: 79, 1: 31}
FN: {0: 31, 1: 79}
