Test Accuracy:  0.848
Precision: {0: 0.8881987577639752, 1: 0.6333333333333333}
Recall: {0: 0.9285714285714286, 1: 0.5135135135135135}
TP: {0: 429, 1: 57}
FP: {0: 54, 1: 33}
FN: {0: 33, 1: 54}
