Test Accuracy:  0.839
Precision: {0: 0.876278118609407, 1: 0.6013071895424836}
Recall: {0: 0.9335511982570807, 1: 0.431924882629108}
TP: {0: 857, 1: 92}
FP: {0: 121, 1: 61}
FN: {0: 61, 1: 121}
