Test Accuracy:  0.825
Precision: {0: 0.8619854721549637, 1: 0.6792452830188679}
Recall: {0: 0.9128205128205128, 1: 0.5581395348837209}
TP: {0: 356, 1: 72}
FP: {0: 57, 1: 34}
FN: {0: 34, 1: 57}
