Test Accuracy:  0.894
Precision: {0: 0.929585798816568, 1: 0.553072625698324}
Recall: {0: 0.9515445184736523, 1: 0.4541284403669725}
TP: {0: 1571, 1: 99}
FP: {0: 119, 1: 80}
FN: {0: 80, 1: 119}
