Test Accuracy:  0.816
Precision: {0: 0.9562982005141388, 1: 0.5070821529745042}
Recall: {0: 0.8104575163398693, 1: 0.8403755868544601}
TP: {0: 744, 1: 179}
FP: {0: 34, 1: 174}
FN: {0: 174, 1: 34}
