Test Accuracy:  0.818
Precision: {0: 0.9781021897810219, 1: 0.37675350701402804}
Recall: {0: 0.8116293155663235, 1: 0.8623853211009175}
TP: {0: 1340, 1: 188}
FP: {0: 30, 1: 311}
FN: {0: 311, 1: 30}
