Test Accuracy:  0.869
Precision: {0: 0.9625407166123778, 1: 0.4126984126984127}
Recall: {0: 0.8887218045112782, 1: 0.6933333333333334}
TP: {0: 591, 1: 52}
FP: {0: 23, 1: 74}
FN: {0: 74, 1: 23}
