Test Accuracy:  0.766
Precision: {0: 0.9079601990049752, 1: 0.4327485380116959}
Recall: {0: 0.79004329004329, 1: 0.6666666666666666}
TP: {0: 365, 1: 74}
FP: {0: 37, 1: 97}
FN: {0: 97, 1: 37}
