Test Accuracy:  0.771
Precision: {0: 0.9143730886850153, 1: 0.5260416666666666}
Recall: {0: 0.7666666666666667, 1: 0.7829457364341085}
TP: {0: 299, 1: 101}
FP: {0: 28, 1: 91}
FN: {0: 91, 1: 28}
