Test Accuracy:  0.846
Precision: {0: 0.9355670103092784, 1: 0.5336322869955157}
Recall: {0: 0.8746987951807229, 1: 0.7041420118343196}
TP: {0: 726, 1: 119}
FP: {0: 50, 1: 104}
FN: {0: 104, 1: 50}
