Test Accuracy:  0.601
Precision: {0: 0.44285714285714284, 1: 0.8674698795180723}
Recall: {0: 0.8493150684931506, 1: 0.48}
TP: {0: 62, 1: 72}
FP: {0: 78, 1: 11}
FN: {0: 11, 1: 78}
